1686998746662 17.94459029443904 0
1686998747096 12.17134547987197 1
1686998747506 16.25103624248316 2
1686998747932 13.733623857248038 3
1686998748358 17.94459029443904 4
1686998748789 17.94459029443904 5
1686998749230 14.885500962035175 6
1686998749645 12.120169326613944 7
1686998750085 18.04088850956866 8
1686998750573 11.358801543371085 9
1686998751063 17.94459029443904 10
1686998751567 11.59696969266427 11
1686998752067 11.506300052054984 12
1686998752569 13.374890562110872 13
1686998753071 13.19349297962903 14
1686998753552 13.68588474783942 15
1686998754055 13.768366924246067 16
1686998754549 14.499587827605868 17
1686998755032 15.721330626104338 18
1686998755536 17.94459029443904 19
1686998756024 11.257825497595917 20
1686998756542 14.134899205904782 21
1686998757044 11.575960940293964 22
1686998757548 12.66825481651048 23
1686998758052 13.81661898850307 24
1686998758556 17.943572338982193 25
1686998759045 17.94459029443904 26
1686998759552 17.94459029443904 27
1686998760074 11.038291376683791 28
1686998760562 11.35022083736757 29
1686998761065 16.127473216401427 30
1686998761565 17.94459029443904 31
1686998762060 17.08709158089643 32
1686998762572 17.730445968804897 33
1686998763075 10.703833791133336 34
1686998763563 11.185655002556254 35
1686998764057 14.705576205224684 36
1686998764572 10.968148162300464 37
1686998765075 14.865181078980859 38
1686998765579 12.671623791558773 39
1686998766068 17.94459029443904 40
1686998766568 11.618488386548124 41
1686998767055 10.833741235982151 42
1686998767544 17.830847086101684 43
1686998768032 17.94459029443904 44
1686998768536 13.518581426034538 45
1686998769024 17.94459029443904 46
1686998769533 12.694506488829967 47
1686998770032 14.241424169226207 48
1686998770520 17.478840911505266 49
1686998771024 14.233574663687993 50
1686998771501 12.239224440305273 51
1686998771973 17.604816795028633 52
1686998772488 11.388914013080566 53
1686998772978 11.482607449905798 54
1686998773467 17.939441273624286 55
1686998773954 11.921802967570809 56
1686998774460 18.082825146695644 57
1686998774945 17.94459029443904 58
1686998775432 13.27793096114105 59
1686998775938 17.94459029443904 60
1686998776433 10.54824946974195 61
1686998776936 10.677173409759492 62
1686998777428 11.39607111687022 63
1686998777912 12.400063901534358 64
1686998778415 12.885313762888725 65
1686998778920 11.294087831968923 66
1686998779425 17.929143014415143 67
1686998779915 13.481242251805387 68
1686998780411 14.487339022547902 69
1686998780922 12.120406158142549 70
1686998781465 11.75141505755269 71
1686998782026 17.686374339663114 72
1686998782505 11.261896229200273 73
1686998782994 14.551852175797382 74
1686998783483 15.029385651154277 75
1686998784001 10.659745839814725 76
1686998784505 17.69073129875185 77
1686998784996 14.068754438313025 78
1686998785497 17.941953142002628 79
1686998785985 14.433977917126601 80
1686998786497 17.94459029443904 81
1686998786984 12.191727983414532 82
1686998787487 13.358963610083439 83
1686998787991 15.735395914400003 84
1686998788496 16.433120179407545 85
1686998788984 12.492639336017472 86
1686998789474 11.217507284872969 87
1686998789981 11.56312134891696 88
1686998790486 15.349486612964089 89
1686998790998 17.270266019945442 90
1686998791514 12.027262619923626 91
1686998792005 17.94459029443904 92
1686998792523 17.94459029443904 93
1686998793029 13.89957818022557 94
1686998793530 13.964462696420881 95
1686998794035 11.906328359343885 96
1686998794531 15.86048626628597 97
1686998795026 17.94459029443904 98
1686998795548 11.341896182282266 99
