1687002600340 0.1641903990624858 0
1687002624611 0.1642818718413958 1
1687002647364 0.16414232400867532 2
1687002670616 0.16418092633617698 3
1687002693724 0.16464501708483698 4
1687002715457 0.16363270151456338 5
1687002737116 0.16393376279428867 6
1687002759289 0.16527470052727286 7
1687002782247 0.16416649260464222 8
1687002804121 0.16454707642005978 9
1687002827190 0.16421867229552417 10
1687002849660 0.1642207116248256 11
1687002871896 0.1643153961268034 12
1687002894660 0.16436396037296963 13
1687002917491 0.16483881367820344 14
1687002940207 0.164132524741616 15
1687002962526 0.1640874574231774 16
1687002984804 0.1637098839712698 17
1687003007028 0.16442564181942096 18
1687003029806 0.1637081041680304 19
1687003052620 0.16455563210307877 20
1687003075741 0.16499514130850504 21
1687003098803 0.16476193415234328 22
1687003122376 0.16432375746583586 23
1687003146257 0.16472862196772517 24
1687003169408 0.1639032909026672 25
1687003193266 0.16396565001836644 26
1687003216352 0.16373883848637658 27
1687003239429 0.16471539020600745 28
1687003263357 0.16434045917569268 29
1687003286004 0.1641136735836459 30
1687003307924 0.16433763696087358 31
1687003329507 0.1646293623519252 32
1687003351308 0.16418135844400636 33
1687003372950 0.16447300832029552 34
1687003396042 0.1647133740177744 35
1687003417653 0.1644726069892394 36
1687003439030 0.1645060972265812 37
1687003460743 0.1640510091624799 38
1687003482262 0.1644204373911848 39
1687003504102 0.16385019321180788 40
1687003525524 0.16401780840518848 41
1687003547251 0.16433362674992782 42
1687003569369 0.1643488272448511 43
1687024172057 0.16364305200098378 44
1687024195558 0.1642318811415435 45
1687024218341 0.1639216390300755 46
1687024240422 0.16461416579959537 47
1687024262586 0.16482808576276264 48
1687024284500 0.164335167871384 49
1687024306339 0.16452818620897636 50
1687024328778 0.16372891203340004 51
1687024351996 0.1637023845094104 52
1687024374735 0.16494489492441589 53
1687024396957 0.16425838890322425 54
1687024419306 0.1645229494147825 55
1687024441556 0.16403860924722274 56
1687024464494 0.16436353090647726 57
1687024487909 0.16443412576250183 58
1687024510463 0.16393338553473125 59
