1686999165479 17.94459029443904 0
1686999165981 12.17134547987197 1
1686999166479 16.25103624248316 2
1686999166980 13.733623857248038 3
1686999167453 17.94459029443904 4
1686999167953 17.94459029443904 5
1686999168458 14.885500962035175 6
1686999168951 12.120169326613944 7
1686999169458 18.04088850956866 8
1686999169945 11.358801543371085 9
1686999170430 17.94459029443904 10
1686999170944 11.59696969266427 11
1686999171500 11.506300052054984 12
1686999171999 13.374890562110872 13
1686999172500 13.19349297962903 14
1686999173005 13.68588474783942 15
1686999173525 13.768366924246067 16
1686999173917 14.499587827605868 17
1686999174326 15.721330626104338 18
1686999174829 17.94459029443904 19
1686999175327 11.257825497595917 20
1686999175729 14.134899205904782 21
1686999176106 11.575960940293964 22
1686999176501 12.66825481651048 23
1686999176939 13.81661898850307 24
1686999177442 17.943572338982193 25
1686999177940 17.94459029443904 26
1686999178443 17.94459029443904 27
1686999178943 11.038291376683791 28
1686999179447 11.35022083736757 29
1686999179948 16.127473216401427 30
1686999180468 17.94459029443904 31
1686999180984 17.08709158089643 32
1686999181484 17.730445968804897 33
1686999182028 10.703833791133336 34
1686999182529 11.185655002556254 35
1686999183030 14.705576205224684 36
1686999183531 10.968148162300464 37
1686999184049 14.865181078980859 38
1686999184555 12.671623791558773 39
1686999185063 17.94459029443904 40
1686999185564 11.618488386548124 41
1686999186064 10.833741235982151 42
1686999186552 17.830847086101684 43
1686999187039 17.94459029443904 44
1686999187541 13.518581426034538 45
1686999188027 17.94459029443904 46
1686999188543 12.694506488829967 47
1686999189028 14.241424169226207 48
1686999189530 17.478840911505266 49
1686999190032 14.233574663687993 50
1686999190517 12.239224440305273 51
1686999191020 17.604816795028633 52
1686999191520 11.388914013080566 53
1686999192007 11.482607449905798 54
1686999192494 17.939441273624286 55
1686999192987 11.921802967570809 56
1686999193488 18.082825146695644 57
1686999194005 17.94459029443904 58
1686999194486 13.27793096114105 59
1686999194989 17.94459029443904 60
1686999195485 10.54824946974195 61
1686999195976 10.677173409759492 62
1686999196476 11.39607111687022 63
1686999196965 12.400063901534358 64
1686999197460 12.885313762888725 65
1686999197952 11.294087831968923 66
1686999198452 17.929143014415143 67
1686999198938 13.481242251805387 68
1686999199456 14.487339022547902 69
1686999199957 12.120406158142549 70
1686999200448 11.75141505755269 71
1686999200955 17.686374339663114 72
1686999201431 11.261896229200273 73
1686999201939 14.551852175797382 74
1686999202434 15.029385651154277 75
1686999202922 10.659745839814725 76
1686999203425 17.69073129875185 77
1686999203911 14.068754438313025 78
1686999204411 17.941953142002628 79
1686999204897 14.433977917126601 80
1686999205411 17.94459029443904 81
1686999205916 12.191727983414532 82
1686999206418 13.358963610083439 83
1686999206905 15.735395914400003 84
1686999207405 16.433120179407545 85
1686999207909 12.492639336017472 86
1686999208410 11.217507284872969 87
1686999208910 11.56312134891696 88
1686999209396 15.349486612964089 89
1686999209897 17.270266019945442 90
1686999210397 12.027262619923626 91
1686999210889 17.94459029443904 92
1686999211447 17.94459029443904 93
1686999211957 13.89957818022557 94
1686999212457 13.964462696420881 95
1686999212960 11.906328359343885 96
1686999213444 15.86048626628597 97
1686999213928 17.94459029443904 98
1686999214433 11.341896182282266 99
