1686998203528 17.94459029443904 0
1686998203926 12.17134547987197 1
1686998204441 16.25103624248316 2
1686998204929 13.733623857248038 3
1686998205433 17.94459029443904 4
1686998205932 17.94459029443904 5
1686998206408 14.885500962035175 6
1686998206895 12.120169326613944 7
1686998207414 18.04088850956866 8
1686998207933 11.358801543371085 9
1686998208420 17.94459029443904 10
1686998208939 11.59696969266427 11
1686998209445 11.506300052054984 12
1686998209933 13.374890562110872 13
1686998210451 13.19349297962903 14
1686998210955 13.68588474783942 15
1686998211520 13.768366924246067 16
1686998212046 14.499587827605868 17
1686998212527 15.721330626104338 18
1686998213033 17.94459029443904 19
1686998213535 11.257825497595917 20
1686998214087 14.134899205904782 21
1686998214574 11.575960940293964 22
1686998215079 12.66825481651048 23
1686998215595 13.81661898850307 24
1686998216089 17.943572338982193 25
1686998216595 17.94459029443904 26
1686998217085 17.94459029443904 27
1686998217572 11.038291376683791 28
1686998218096 11.35022083736757 29
1686998218602 16.127473216401427 30
1686998219100 17.94459029443904 31
1686998219589 17.08709158089643 32
1686998220093 17.730445968804897 33
1686998220580 10.703833791133336 34
1686998221088 11.185655002556254 35
1686998221573 14.705576205224684 36
1686998222088 10.968148162300464 37
1686998222580 14.865181078980859 38
1686998223093 12.671623791558773 39
1686998223603 17.94459029443904 40
1686998224118 11.618488386548124 41
1686998224615 10.833741235982151 42
1686998225118 17.830847086101684 43
1686998225637 17.94459029443904 44
1686998226136 13.518581426034538 45
1686998226634 17.94459029443904 46
1686998227131 12.694506488829967 47
1686998227633 14.241424169226207 48
1686998228127 17.478840911505266 49
1686998228617 14.233574663687993 50
1686998229147 12.239224440305273 51
1686998229655 17.604816795028633 52
1686998230166 11.388914013080566 53
1686998230678 11.482607449905798 54
1686998231187 17.939441273624286 55
1686998231710 11.921802967570809 56
1686998232225 18.082825146695644 57
1686998232727 17.94459029443904 58
1686998233112 13.27793096114105 59
1686998233504 17.94459029443904 60
1686998234008 10.54824946974195 61
1686998234519 10.677173409759492 62
1686998235017 11.39607111687022 63
1686998235520 12.400063901534358 64
1686998236021 12.885313762888725 65
1686998236532 11.294087831968923 66
1686998237051 17.929143014415143 67
1686998237486 13.481242251805387 68
1686998237877 14.487339022547902 69
1686998238258 12.120406158142549 70
1686998238633 11.75141505755269 71
1686998239008 17.686374339663114 72
1686998239384 11.261896229200273 73
1686998239746 14.551852175797382 74
1686998240113 15.029385651154277 75
1686998240494 10.659745839814725 76
1686998240868 17.69073129875185 77
1686998241250 14.068754438313025 78
1686998241618 17.941953142002628 79
1686998242003 14.433977917126601 80
1686998242374 17.94459029443904 81
1686998242756 12.191727983414532 82
1686998243142 13.358963610083439 83
1686998243520 15.735395914400003 84
1686998243884 16.433120179407545 85
1686998244277 12.492639336017472 86
1686998244666 11.217507284872969 87
1686998245145 11.56312134891696 88
1686998245648 15.349486612964089 89
1686998246148 17.270266019945442 90
1686998246651 12.027262619923626 91
1686998247133 17.94459029443904 92
1686998247640 17.94459029443904 93
1686998248150 13.89957818022557 94
1686998248674 13.964462696420881 95
1686998249188 11.906328359343885 96
1686998249650 15.86048626628597 97
1686998250036 17.94459029443904 98
1686998250420 11.341896182282266 99
