1686998032192 17.94459029443904 0
1686998032620 12.17134547987197 1
1686998033006 16.25103624248316 2
1686998033507 13.733623857248038 3
1686998034003 17.94459029443904 4
1686998034509 17.94459029443904 5
1686998034997 14.885500962035175 6
1686998035516 12.120169326613944 7
1686998036019 18.04088850956866 8
1686998036507 11.358801543371085 9
1686998036994 17.94459029443904 10
1686998037504 11.59696969266427 11
1686998038007 11.506300052054984 12
1686998038511 13.374890562110872 13
1686998038999 13.19349297962903 14
1686998039487 13.68588474783942 15
1686998039990 13.768366924246067 16
1686998040494 14.499587827605868 17
1686998041029 15.721330626104338 18
1686998041532 17.94459029443904 19
1686998042025 11.257825497595917 20
1686998042550 14.134899205904782 21
1686998043054 11.575960940293964 22
1686998043556 12.66825481651048 23
1686998044059 13.81661898850307 24
1686998044570 17.943572338982193 25
1686998045084 17.94459029443904 26
1686998045599 17.94459029443904 27
1686998046112 11.038291376683791 28
1686998046616 11.35022083736757 29
1686998047122 16.127473216401427 30
1686998047631 17.94459029443904 31
1686998048134 17.08709158089643 32
1686998048648 17.730445968804897 33
1686998049153 10.703833791133336 34
1686998049657 11.185655002556254 35
1686998050154 14.705576205224684 36
1686998050657 10.968148162300464 37
1686998051162 14.865181078980859 38
1686998051661 12.671623791558773 39
1686998052180 17.94459029443904 40
1686998052687 11.618488386548124 41
1686998053191 10.833741235982151 42
1686998053679 17.830847086101684 43
1686998054182 17.94459029443904 44
1686998054685 13.518581426034538 45
1686998055194 17.94459029443904 46
1686998055725 12.694506488829967 47
1686998056213 14.241424169226207 48
1686998056716 17.478840911505266 49
1686998057205 14.233574663687993 50
1686998057711 12.239224440305273 51
1686998058231 17.604816795028633 52
1686998058735 11.388914013080566 53
1686998059254 11.482607449905798 54
1686998059787 17.939441273624286 55
1686998060301 11.921802967570809 56
1686998060805 18.082825146695644 57
1686998061307 17.94459029443904 58
1686998061825 13.27793096114105 59
1686998062341 17.94459029443904 60
1686998062865 10.54824946974195 61
1686998063375 10.677173409759492 62
1686998063916 11.39607111687022 63
1686998064450 12.400063901534358 64
1686998064888 12.885313762888725 65
1686998065400 11.294087831968923 66
1686998065927 17.929143014415143 67
1686998066441 13.481242251805387 68
1686998066959 14.487339022547902 69
1686998067487 12.120406158142549 70
1686998068008 11.75141505755269 71
1686998068508 17.686374339663114 72
1686998069032 11.261896229200273 73
1686998069500 14.551852175797382 74
1686998070017 15.029385651154277 75
1686998070461 10.659745839814725 76
1686998070864 17.69073129875185 77
1686998071234 14.068754438313025 78
1686998071612 17.941953142002628 79
1686998071999 14.433977917126601 80
1686998072397 17.94459029443904 81
1686998072780 12.191727983414532 82
1686998073157 13.358963610083439 83
1686998073548 15.735395914400003 84
1686998073931 16.433120179407545 85
1686998074304 12.492639336017472 86
1686998074681 11.217507284872969 87
1686998075061 11.56312134891696 88
1686998075437 15.349486612964089 89
1686998075814 17.270266019945442 90
1686998076352 12.027262619923626 91
1686998076851 17.94459029443904 92
1686998077247 17.94459029443904 93
1686998077623 13.89957818022557 94
1686998078114 13.964462696420881 95
1686998078615 11.906328359343885 96
1686998079135 15.86048626628597 97
1686998079626 17.94459029443904 98
1686998080128 11.341896182282266 99
