1687078373102 17.94459029443904 0
1687078373621 12.17134547987197 1
1687078374112 16.25103624248316 2
1687078374644 13.733623857248038 3
1687078375144 17.94459029443904 4
1687078375662 17.94459029443904 5
1687078376177 14.885500962035175 6
1687078376586 12.120169326613944 7
1687078376989 18.04088850956866 8
1687078377392 11.358801543371085 9
1687078377773 17.94459029443904 10
1687078378157 11.59696969266427 11
1687078378556 11.506300052054984 12
1687078378936 13.374890562110872 13
1687078379322 13.19349297962903 14
1687078379712 13.68588474783942 15
1687078380088 13.768366924246067 16
1687078380469 14.499587827605868 17
1687078380855 15.721330626104338 18
1687078381237 17.94459029443904 19
1687078381620 11.257825497595917 20
1687078382091 14.134899205904782 21
1687078382453 11.575960940293964 22
1687078382902 12.66825481651048 23
1687078383273 13.81661898850307 24
1687078383668 17.943572338982193 25
1687078384057 17.94459029443904 26
1687078384462 17.94459029443904 27
1687078384891 11.038291376683791 28
1687078385288 11.35022083736757 29
1687078385693 16.127473216401427 30
1687078386106 17.94459029443904 31
1687078386504 17.08709158089643 32
1687078386890 17.730445968804897 33
1687078387287 10.703833791133336 34
1687078387667 11.185655002556254 35
1687078388051 14.705576205224684 36
1687078388440 10.968148162300464 37
1687078388837 14.865181078980859 38
1687078389220 12.671623791558773 39
1687078389649 17.94459029443904 40
1687078390050 11.618488386548124 41
1687078390466 10.833741235982151 42
1687078390894 17.830847086101684 43
1687078391302 17.94459029443904 44
1687078391729 13.518581426034538 45
1687078392137 17.94459029443904 46
1687078392555 12.694506488829967 47
1687078393030 14.241424169226207 48
1687078393424 17.478840911505266 49
