1687024805532 0.1641903990624858 0
1687024828892 0.1642818718413958 1
1687024850878 0.16414232400867532 2
1687024873349 0.16418092633617698 3
1687024895331 0.16464501708483698 4
1687024917081 0.16363270151456338 5
1687024938815 0.16393376279428867 6
1687024960837 0.16527470052727286 7
1687024982471 0.16416649260464222 8
1687025004518 0.16454707642005978 9
1687025026325 0.16421867229552417 10
1687025047985 0.1642207116248256 11
1687025069924 0.1643153961268034 12
1687025091697 0.16436396037296963 13
1687025113617 0.16483881367820344 14
1687025135803 0.164132524741616 15
1687025157383 0.1640874574231774 16
1687025179192 0.1637098839712698 17
1687025200940 0.16442564181942096 18
1687025222864 0.1637081041680304 19
1687025245559 0.16455563210307877 20
1687025267774 0.16499514130850504 21
1687025289502 0.16476193415234328 22
1687025312165 0.16432375746583586 23
1687025334743 0.16472862196772517 24
1687025357507 0.1639032909026672 25
1687025380540 0.16396565001836644 26
1687025403404 0.16373883848637658 27
1687025426489 0.16471539020600745 28
1687025451808 0.16434045917569268 29
1687025477001 0.1641136735836459 30
1687025500688 0.16433763696087358 31
1687025522045 0.1646293623519252 32
1687025544210 0.16418135844400636 33
1687025566208 0.16447300832029552 34
1687025588885 0.1647133740177744 35
1687025610816 0.1644726069892394 36
1687025632695 0.1645060972265812 37
1687025655140 0.1640510091624799 38
1687025676918 0.1644204373911848 39
1687025698737 0.16385019321180788 40
1687025720322 0.16401780840518848 41
1687025741921 0.16433362674992782 42
1687025763868 0.1643488272448511 43
1687025785500 0.16364305200098378 44
1687025807465 0.1642318811415435 45
1687025830840 0.1639216390300755 46
1687025855162 0.16461416579959537 47
1687025878626 0.16482808576276264 48
1687025901892 0.164335167871384 49
1687025925226 0.16452818620897636 50
1687025948626 0.16372891203340004 51
1687025972447 0.1637023845094104 52
1687025996508 0.16494489492441589 53
1687026020547 0.16425838890322425 54
1687026044870 0.1645229494147825 55
1687026068868 0.16403860924722274 56
1687026092251 0.16436353090647726 57
1687026116361 0.16443412576250183 58
1687026139730 0.16393338553473125 59
1687026163227 0.16453080993746125 60
1687026186841 0.16457527494543928 61
1687026209982 0.1637024359453157 62
1687026232817 0.16457573451652452 63
1687026256754 0.1640279966094251 64
1687026280473 0.16492591876580728 65
1687026304508 0.16452150524712264 66
1687026336988 0.16432076279558513 67
1687026372532 0.16412859903587265 68
1687026406589 0.1646272454109415 69
1687026439918 0.16422139943285793 70
1687026472988 0.16417220966842205 71
1687026506915 0.16439927615807648 72
1687026542418 0.1647605207263058 73
1687026577167 0.16444694582643868 74
1687026612676 0.16391896956344987 75
1687026647205 0.16496973329255196 76
1687026681442 0.16424348514758316 77
1687026716702 0.1643401783284686 78
1687026751499 0.16414415500041796 79
1687026786125 0.16370833228540613 80
1687026819860 0.1647925989966055 81
1687026852932 0.1642837586711445 82
1687026885655 0.16438911761332844 83
1687026918614 0.16487353058391185 84
1687026951717 0.16426071395340264 85
1687026985795 0.16496245751834704 86
1687027018828 0.1637462317769714 87
1687027054033 0.16432647436551148 88
1687027089171 0.16425710790316042 89
1687027124241 0.16469029864114926 90
1687027159655 0.16475483153013526 91
1687027195088 0.16437507854074457 92
1687027230748 0.16454862125811834 93
1687027266672 0.16389044556292992 94
1687027300286 0.16428834599107262 95
1687027335133 0.16412958263587207 96
1687027370489 0.16452096068073518 97
1687027405289 0.1639567261181592 98
1687027440186 0.1643167692195 99
