1686998933449 17.94459029443904 0
1686998933955 12.17134547987197 1
1686998934477 16.25103624248316 2
1686998934978 13.733623857248038 3
1686998935467 17.94459029443904 4
1686998935958 17.94459029443904 5
1686998936465 14.885500962035175 6
1686998936949 12.120169326613944 7
1686998937438 18.04088850956866 8
1686998937928 11.358801543371085 9
1686998938416 17.94459029443904 10
1686998938919 11.59696969266427 11
1686998939404 11.506300052054984 12
1686998939893 13.374890562110872 13
1686998940398 13.19349297962903 14
1686998940902 13.68588474783942 15
1686998941408 13.768366924246067 16
1686998941914 14.499587827605868 17
1686998942393 15.721330626104338 18
1686998942880 17.94459029443904 19
1686998943383 11.257825497595917 20
1686998943920 14.134899205904782 21
1686998944426 11.575960940293964 22
1686998944913 12.66825481651048 23
1686998945417 13.81661898850307 24
1686998945923 17.943572338982193 25
1686998946442 17.94459029443904 26
1686998946930 17.94459029443904 27
1686998947434 11.038291376683791 28
1686998947922 11.35022083736757 29
1686998948427 16.127473216401427 30
1686998948932 17.94459029443904 31
1686998949435 17.08709158089643 32
1686998949938 17.730445968804897 33
1686998950443 10.703833791133336 34
1686998950946 11.185655002556254 35
1686998951457 14.705576205224684 36
1686998951952 10.968148162300464 37
1686998952476 14.865181078980859 38
1686998952959 12.671623791558773 39
1686998953471 17.94459029443904 40
1686998953960 11.618488386548124 41
1686998954480 10.833741235982151 42
1686998954967 17.830847086101684 43
1686998955456 17.94459029443904 44
1686998955944 13.518581426034538 45
1686998956464 17.94459029443904 46
1686998956951 12.694506488829967 47
1686998957472 14.241424169226207 48
1686998957974 17.478840911505266 49
1686998958476 14.233574663687993 50
1686998958982 12.239224440305273 51
1686998959469 17.604816795028633 52
1686998959973 11.388914013080566 53
1686998960476 11.482607449905798 54
1686998960982 17.939441273624286 55
1686998961478 11.921802967570809 56
1686998961981 18.082825146695644 57
1686998962470 17.94459029443904 58
1686998962956 13.27793096114105 59
1686998963444 17.94459029443904 60
1686998963940 10.54824946974195 61
1686998964445 10.677173409759492 62
1686998964932 11.39607111687022 63
1686998965422 12.400063901534358 64
1686998965910 12.885313762888725 65
1686998966403 11.294087831968923 66
1686998966906 17.929143014415143 67
1686998967410 13.481242251805387 68
1686998967900 14.487339022547902 69
1686998968388 12.120406158142549 70
1686998968889 11.75141505755269 71
1686998969386 17.686374339663114 72
1686998969875 11.261896229200273 73
1686998970362 14.551852175797382 74
1686998970869 15.029385651154277 75
1686998971354 10.659745839814725 76
1686998971841 17.69073129875185 77
1686998972344 14.068754438313025 78
1686998972834 17.941953142002628 79
1686998973337 14.433977917126601 80
1686998973843 17.94459029443904 81
1686998974343 12.191727983414532 82
1686998974877 13.358963610083439 83
1686998975385 15.735395914400003 84
1686998975871 16.433120179407545 85
1686998976388 12.492639336017472 86
1686998976902 11.217507284872969 87
1686998977393 11.56312134891696 88
1686998977898 15.349486612964089 89
1686998978403 17.270266019945442 90
1686998978916 12.027262619923626 91
1686998979420 17.94459029443904 92
1686998979907 17.94459029443904 93
1686998980395 13.89957818022557 94
1686998980897 13.964462696420881 95
1686998981403 11.906328359343885 96
1686998981890 15.86048626628597 97
1686998982384 17.94459029443904 98
1686998982870 11.341896182282266 99
