1686998406279 17.94459029443904 0
1686998406674 12.17134547987197 1
1686998407119 16.25103624248316 2
1686998407608 13.733623857248038 3
1686998408134 17.94459029443904 4
1686998408632 17.94459029443904 5
1686998409140 14.885500962035175 6
1686998409635 12.120169326613944 7
1686998410135 18.04088850956866 8
1686998410625 11.358801543371085 9
1686998411117 17.94459029443904 10
1686998411614 11.59696969266427 11
1686998412086 11.506300052054984 12
1686998412607 13.374890562110872 13
1686998413097 13.19349297962903 14
1686998413602 13.68588474783942 15
1686998414087 13.768366924246067 16
1686998414576 14.499587827605868 17
1686998415113 15.721330626104338 18
1686998415618 17.94459029443904 19
1686998416123 11.257825497595917 20
1686998416677 14.134899205904782 21
1686998417168 11.575960940293964 22
1686998417681 12.66825481651048 23
1686998418196 13.81661898850307 24
1686998418700 17.943572338982193 25
1686998419186 17.94459029443904 26
1686998419707 17.94459029443904 27
1686998420194 11.038291376683791 28
1686998420682 11.35022083736757 29
1686998421185 16.127473216401427 30
1686998421682 17.94459029443904 31
1686998422155 17.08709158089643 32
1686998422643 17.730445968804897 33
1686998423132 10.703833791133336 34
1686998423637 11.185655002556254 35
1686998424141 14.705576205224684 36
1686998424644 10.968148162300464 37
1686998425163 14.865181078980859 38
1686998425651 12.671623791558773 39
1686998426140 17.94459029443904 40
1686998426655 11.618488386548124 41
1686998427159 10.833741235982151 42
1686998427648 17.830847086101684 43
1686998428137 17.94459029443904 44
1686998428625 13.518581426034538 45
1686998429142 17.94459029443904 46
1686998429643 12.694506488829967 47
1686998430080 14.241424169226207 48
1686998430580 17.478840911505266 49
1686998431061 14.233574663687993 50
1686998431442 12.239224440305273 51
1686998431958 17.604816795028633 52
1686998432445 11.388914013080566 53
1686998432949 11.482607449905798 54
1686998433469 17.939441273624286 55
1686998434018 11.921802967570809 56
1686998434522 18.082825146695644 57
1686998435025 17.94459029443904 58
1686998435515 13.27793096114105 59
1686998436002 17.94459029443904 60
1686998436503 10.54824946974195 61
1686998437005 10.677173409759492 62
1686998437492 11.39607111687022 63
1686998437980 12.400063901534358 64
1686998438499 12.885313762888725 65
1686998439021 11.294087831968923 66
1686998439538 17.929143014415143 67
1686998440027 13.481242251805387 68
1686998440530 14.487339022547902 69
1686998441018 12.120406158142549 70
1686998441542 11.75141505755269 71
1686998442060 17.686374339663114 72
1686998442548 11.261896229200273 73
1686998443053 14.551852175797382 74
1686998443540 15.029385651154277 75
1686998444044 10.659745839814725 76
1686998444528 17.69073129875185 77
1686998445020 14.068754438313025 78
1686998445509 17.941953142002628 79
1686998445997 14.433977917126601 80
1686998446490 17.94459029443904 81
1686998446978 12.191727983414532 82
1686998447497 13.358963610083439 83
1686998447986 15.735395914400003 84
1686998448540 16.433120179407545 85
1686998449071 12.492639336017472 86
1686998449589 11.217507284872969 87
1686998450112 11.56312134891696 88
1686998450614 15.349486612964089 89
1686998451129 17.270266019945442 90
1686998451611 12.027262619923626 91
1686998452114 17.94459029443904 92
1686998452616 17.94459029443904 93
1686998453115 13.89957818022557 94
1686998453607 13.964462696420881 95
1686998454095 11.906328359343885 96
1686998454593 15.86048626628597 97
1686998455080 17.94459029443904 98
1686998455568 11.341896182282266 99
